1
250
-154.0 246.0
-154.99999999999997 244.0
-156.99999999999997 242.0
-159.0 238.0
-164.0 232.0
-169.0 227.0
-174.00000000000003 221.0
-179.99999999999997 213.0
-184.0 206.0
-189.0 197.00000000000003
-193.00000000000003 189.0
-195.00000000000003 181.0
-198.0 171.0
-199.00000000000003 162.0
-198.0 152.0
-195.00000000000003 143.0
-193.00000000000003 132.0
-191.0 122.0
-188.0 114.0
-184.0 105.0
-177.99999999999997 97.0
-172.00000000000003 88.0
-162.0 79.0
-152.0 71.0
-141.0 66.0
-128.0 60.0
-114.0 54.0
-102.0 50.0
-90.0 46.0
-71.0 44.0
-51.0 42.0
-28.0 41.0
-8.0 44.0
9.999999999999943 46.0
30.999999999999943 51.0
47.0 58.0
62.0 66.0
75.0 75.0
84.0 83.0
92.0 92.0
98.00000000000006 100.0
104.0 107.0
109.0 113.0
112.0 119.0
115.0 125.0
116.0 128.0
118.0 130.0
119.0 132.0
120.0 133.0
120.0 135.0
120.0 136.0
119.0 137.0
118.0 139.0
114.0 144.0
109.0 149.00000000000003
103.0 154.99999999999997
96.0 160.0
87.0 164.0
79.0 170.00000000000003
70.0 175.99999999999997
61.00000000000006 179.99999999999997
51.99999999999994 186.0
40.00000000000006 193.00000000000003
28.0 199.00000000000003
17.0 205.0
4.0 208.0
-8.0 212.0
-16.0 214.0
-24.0 215.0
-30.0 216.0
-34.0 216.0
-36.0 214.0
-38.0 213.0
-39.0 211.0
-41.0 209.0
-42.0 207.0
-44.0 205.0
-45.0 200.0
-47.0 196.0
-48.0 190.0
-49.0 181.99999999999997
-50.0 175.0
-51.0 167.0
-51.0 158.0
-49.0 146.0
-47.0 136.0
-42.0 126.0
-36.0 118.0
-30.0 111.0
-22.0 105.0
-15.0 101.0
-7.0 99.0
5.0 98.0
19.000000000000057 98.0
34.99999999999994 99.0
53.0 101.0
71.0 104.0
92.0 108.0
105.99999999999994 113.0
117.0 116.0
124.0 118.0
129.0 120.0
131.0 122.0
132.0 123.0
134.0 123.0
135.0 123.0
136.0 122.0
139.0 119.0
143.0 112.0
147.0 103.0
154.0 91.0
160.0 76.0
165.0 59.0
169.0 43.0
169.0 27.0
169.0 10.0
166.0 -13.0
162.0 -32.0
157.0 -46.0
152.0 -58.0
146.0 -69.00000000000006
140.0 -78.0
131.0 -84.99999999999994
119.0 -91.0
101.0 -95.0
74.0 -96.0
34.99999999999994 -93.0
-17.0 -79.0
-55.0 -63.99999999999994
-91.0 -50.0
-117.0 -37.0
-129.0 -26.999999999999943
-135.0 -21.0
-138.0 -13.999999999999943
-140.0 -5.999999999999943
-140.0 5.0
-139.0 14.0
-134.0 24.0
-127.0 37.0
-119.0 47.0
-110.0 53.0
-97.0 59.0
-79.0 60.0
-61.0 59.0
-38.0 55.0
-10.0 43.0
17.0 28.0
42.0 8.0
62.0 -15.000000000000057
76.0 -38.99999999999994
84.99999999999994 -62.0
93.0 -87.0
94.00000000000006 -105.99999999999994
93.0 -132.0
83.0 -159.0
68.0 -186.0
48.00000000000006 -211.0
23.000000000000057 -229.0
-4.0 -237.0
-48.0 -239.0
-101.0 -231.0
-158.0 -213.0
-204.0 -197.0
-246.0 -180.0
-268.0 -165.0
-277.0 -156.0
-278.0 -148.0
-274.0 -140.0
-265.0 -130.0
-246.0 -121.0
-218.0 -111.00000000000006
-179.99999999999997 -108.0
-119.0 -112.0
-66.0 -124.0
-10.0 -136.0
34.99999999999994 -155.0
68.0 -169.0
82.0 -179.0
88.99999999999994 -188.0
90.00000000000006 -196.0
87.0 -205.0
80.0 -216.0
72.0 -226.0
63.99999999999994 -234.0
55.0 -239.0
44.00000000000006 -242.0
30.999999999999943 -241.0
13.0 -235.0
-19.0 -217.0
-65.0 -187.0
-117.0 -150.0
-171.0 -109.99999999999994
-210.0 -75.0
-233.0 -53.0
-244.0 -37.0
-252.0 -22.0
-254.0 -9.0
-253.0 1.0
-251.0 11.0
-243.0 18.0
-235.0 27.0
-216.0 35.0
-183.0 38.0
-130.0 31.0
-63.0 16.0
4.0 1.0
71.0 -16.0
131.0 -32.0
179.0 -46.0
210.0 -57.0
231.0 -70.0
239.0 -76.99999999999994
242.0 -83.0
242.0 -86.00000000000006
242.0 -90.00000000000006
241.0 -96.0
240.0 -101.99999999999994
238.0 -107.0
236.0 -113.0
233.0 -119.0
228.0 -123.0
222.0 -125.0
217.0 -125.0
212.0 -124.0
211.0 -123.0
210.0 -120.0
208.0 -114.0
207.0 -99.0
209.0 -80.99999999999994
210.0 -53.0
213.0 -22.0
216.0 4.0
219.0 29.0
224.0 58.0
227.0 84.0
228.0 101.0
233.0 115.0
238.0 125.0
242.0 131.0
244.0 136.0
246.0 137.0
246.0 139.0
247.0 139.0
247.0 140.0
248.0 140.0
248.0 141.0
249.0 142.0
251.0 142.0
252.0 142.0
253.0 142.0
